/data0/datasets/slam_parkingslot/new_data/image/frame0300_dota.png 119,91,198,191,0,144,91,198,175,173,191,119,107,0.37518987341772153,57.2647705078125
/data0/datasets/slam_parkingslot/new_data/image/frame0021_dota.png 23,105,134,194,0,36,105,134,176,121,194,23,124,0.27629314707966396,35.83765411376953
/data0/datasets/slam_parkingslot/new_data/image/frame0282_dota.png 211,309,259,411,1,218,309,259,312,252,411,211,408,0.8333333333333334,94.0444860458374
/data0/datasets/slam_parkingslot/new_data/image/frame0016_dota.png 35,51,129,121,0,46,51,129,102,118,121,35,70,0.3249240121580547,31.568973541259766
/data0/datasets/slam_parkingslot/new_data/image/frame0139_dota.png 180,35,229,154,1,220,35,229,151,189,154,180,38,0.8003772937746527,85.56352996826172
/data0/datasets/slam_parkingslot/new_data/image/frame0061_dota.png 96,20,182,118,0,110,20,182,106,168,118,96,32,0.24537256763170384,50.06361389160156
/data0/datasets/slam_parkingslot/new_data/image/frame0002_dota.png 225,308,268,416,0,240,308,268,312,249,416,225,412,0.5968992248062015,98.20721626281738
/data0/datasets/slam_parkingslot/new_data/image/frame0292_dota.png 61,70,163,142,0,73,70,163,120,150,142,61,92,0.3532135076252723,29.05460548400879
/data0/datasets/slam_parkingslot/new_data/image/frame0203_dota.png 221,223,267,348,0,246,223,267,344,242,348,221,227,0.540695652173913,80.1541748046875
/data0/datasets/slam_parkingslot/new_data/image/frame0195_dota.png 180,114,264,238,0,205,114,264,225,238,238,180,127,0.34475806451612906,62.41191864013672
/data0/datasets/slam_parkingslot/new_data/image/frame0073_dota.png 225,133,262,266,0,257,133,262,265,230,266,225,135,0.8566348303190409,87.83074188232422
/data0/datasets/slam_parkingslot/new_data/image/frame0064_dota.png 118,21,207,142,0,141,21,207,128,185,142,118,35,0.31001021450459654,57.946502685546875
/data0/datasets/slam_parkingslot/new_data/image/frame0177_dota.png 230,124,284,264,2,272,124,284,260,242,264,230,128,0.7619047619047619,84.95755004882812
/data0/datasets/slam_parkingslot/new_data/image/frame0298_dota.png 103,94,195,184,0,124,94,195,162,174,184,103,116,0.3611111111111111,43.76359176635742
/data0/datasets/slam_parkingslot/new_data/image/frame0030_dota.png 24,111,139,205,0,39,111,139,186,124,205,24,131,0.2837650323774283,36.869895935058594
/data0/datasets/slam_parkingslot/new_data/image/frame0291_dota.png 54,61,156,135,0,67,61,156,111,143,135,54,85,0.3691043985161632,29.327178955078125
/data0/datasets/slam_parkingslot/new_data/image/frame0202_dota.png 218,202,266,328,0,243,202,266,324,241,328,218,207,0.5193452380952381,79.32364654541016
/data0/datasets/slam_parkingslot/new_data/image/frame0173_dota.png 227,43,283,184,2,272,43,283,180,238,184,227,47,0.7863475177304965,85.40945434570312
/data0/datasets/slam_parkingslot/new_data/image/frame0074_dota.png 231,146,259,275,0,254,146,259,274,236,275,231,147,0.8164451827242525,87.76302337646484
/data0/datasets/slam_parkingslot/new_data/image/frame0170_dota.png 226,0,280,130,2,268,0,280,126,237,130,226,4,0.7693732193732193,84.5596694946289
/data0/datasets/slam_parkingslot/new_data/image/frame0001_dota.png 227,287,266,415,0,241,287,266,290,252,415,227,412,0.6344150641025641,96.39049577713013
/data0/datasets/slam_parkingslot/new_data/image/frame0209_dota.png 223,325,254,413,0,249,325,254,411,228,413,223,326,0.8271627565982405,86.71076202392578
/data0/datasets/slam_parkingslot/new_data/image/frame0072_dota.png 225,126,258,261,0,251,126,258,259,232,261,225,128,0.7793490460157126,86.98721313476562
/data0/datasets/slam_parkingslot/new_data/image/frame0197_dota.png 199,140,267,265,0,225,140,267,256,241,265,199,149,0.3992941176470588,70.09625244140625
/data0/datasets/slam_parkingslot/new_data/image/frame0201_dota.png 216,187,272,310,0,240,187,272,304,247,310,216,193,0.44359756097560976,75.1600570678711
/data0/datasets/slam_parkingslot/new_data/image/frame0290_dota.png 55,55,152,123,0,67,55,152,100,140,123,55,78,0.37825955124317767,27.89727020263672
/data0/datasets/slam_parkingslot/new_data/image/frame0187_dota.png 61,67,179,133,0,69,67,179,114,171,133,61,86,0.31664098613251157,23.135698318481445
/data0/datasets/slam_parkingslot/new_data/image/frame0022_dota.png 24,113,134,204,0,36,113,134,189,122,204,24,128,0.23796203796203796,37.79393768310547
/data0/datasets/slam_parkingslot/new_data/image/frame0287_dota.png 26,31,136,86,0,32,31,136,69,130,86,26,48,0.3299173553719008,20.07152557373047
/data0/datasets/slam_parkingslot/new_data/image/frame0069_dota.png 196,82,249,189,0,222,82,249,182,223,189,196,89,0.4918003879386352,74.89041900634766
/data0/datasets/slam_parkingslot/new_data/image/frame0183_dota.png 223,277,299,416,2,261,277,299,288,255,416,223,408,0.4659219992427111,106.17619323730469 24,59,144,104,0,28,59,144,83,140,104,24,80,0.4688888888888889,11.689369201660156
/data0/datasets/slam_parkingslot/new_data/image/frame0264_dota.png 216,15,264,140,1,259,15,264,138,222,140,216,16,0.8761666666666666,87.27368927001953
/data0/datasets/slam_parkingslot/new_data/image/frame0284_dota.png 206,317,262,416,1,223,317,262,324,241,416,206,410,0.6396103896103896,100.35905265808105
/data0/datasets/slam_parkingslot/new_data/image/frame0302_dota.png 146,106,203,186,0,175,106,203,175,175,186,146,118,0.5,67.52056884765625
/data0/datasets/slam_parkingslot/new_data/image/frame0286_dota.png 30,23,133,79,0,38,23,133,54,125,79,30,48,0.454750346740638,18.072322845458984
/data0/datasets/slam_parkingslot/new_data/image/frame0176_dota.png 227,105,285,246,2,272,105,285,242,240,246,227,109,0.760210320371729,84.57940673828125
/data0/datasets/slam_parkingslot/new_data/image/frame0196_dota.png 194,130,271,260,0,219,130,271,249,247,260,194,140,0.3475524475524476,66.1705551147461
/data0/datasets/slam_parkingslot/new_data/image/frame0014_dota.png 19,12,120,77,0,29,12,120,57,110,77,19,32,0.3457730388423458,26.312646865844727
/data0/datasets/slam_parkingslot/new_data/image/frame0288_dota.png 18,16,142,96,0,31,16,142,68,128,96,18,44,0.38266129032258067,25.10161018371582
/data0/datasets/slam_parkingslot/new_data/image/frame0205_dota.png 222,254,264,381,0,247,254,264,377,239,381,222,258,0.589238845144357,82.13092803955078
/data0/datasets/slam_parkingslot/new_data/image/frame0204_dota.png 222,232,266,360,0,248,232,266,356,239,360,222,235,0.5966796875,82.25529479980469
/data0/datasets/slam_parkingslot/new_data/image/frame0034_dota.png 19,59,133,147,0,32,59,133,128,120,147,19,78,0.2807017543859649,34.33964920043945
/data0/datasets/slam_parkingslot/new_data/image/frame0000_dota.png 231,246,263,373,3,238,246,263,247,257,373,231,372,0.7921998031496063,92.72631096839905
/data0/datasets/slam_parkingslot/new_data/image/frame0186_dota.png 58,63,171,120,0,65,63,171,95,163,120,58,89,0.4543549138332557,16.798372268676758
/data0/datasets/slam_parkingslot/new_data/image/frame0301_dota.png 137,100,203,191,0,167,100,203,177,173,191,137,114,0.46853146853146854,64.9423828125
/data0/datasets/slam_parkingslot/new_data/image/frame0171_dota.png 223,5,286,143,1,272,5,286,138,236,143,223,10,0.7650103519668737,84.2894058227539
/data0/datasets/slam_parkingslot/new_data/image/frame0075_dota.png 231,163,261,292,0,257,163,261,292,235,292,231,164,0.8638242894056848,88.22395324707031
/data0/datasets/slam_parkingslot/new_data/image/frame0153_dota.png 192,301,266,412,1,231,301,266,314,227,412,192,398,0.4795471146822498,111.80141067504883
/data0/datasets/slam_parkingslot/new_data/image/frame0280_dota.png 216,288,264,404,1,220,288,264,289,260,404,216,403,0.9094827586206896,91.99209356307983
/data0/datasets/slam_parkingslot/new_data/image/frame0042_dota.png 46,0,136,58,0,77,0,136,38,124,58,46,3,0.3424329501915709,35.18873977661133
/data0/datasets/slam_parkingslot/new_data/image/frame0062_dota.png 98,16,191,128,0,119,16,191,112,169,128,98,32,0.30798771121351765,53.130104064941406
/data0/datasets/slam_parkingslot/new_data/image/frame0293_dota.png 74,73,167,152,0,91,73,167,129,150,152,74,97,0.3715121818429291,36.38435363769531
/data0/datasets/slam_parkingslot/new_data/image/frame0296_dota.png 92,83,183,173,0,114,83,183,151,161,173,92,105,0.36800976800976803,44.581790924072266
/data0/datasets/slam_parkingslot/new_data/image/frame0024_dota.png 25,126,138,220,0,39,126,138,201,124,220,25,145,0.2759367350781397,37.14668655395508
/data0/datasets/slam_parkingslot/new_data/image/frame0151_dota.png 200,240,273,364,1,232,240,273,251,241,364,200,353,0.5507070260715864,105.81137084960938
/data0/datasets/slam_parkingslot/new_data/image/frame0180_dota.png 236,202,288,338,2,240,202,288,203,284,338,236,336,0.9137443438914027,91.69715619087219
/data0/datasets/slam_parkingslot/new_data/image/frame0267_dota.png 218,83,258,220,1,219,83,258,83,257,220,218,219,0.9715328467153285,90.41820994019508
/data0/datasets/slam_parkingslot/new_data/image/frame0155_dota.png 193,326,264,416,1,233,326,264,345,221,416,193,411,0.43802816901408453,115.20112419128418
/data0/datasets/slam_parkingslot/new_data/image/frame0013_dota.png 17,2,120,68,0,27,2,120,46,109,68,17,24,0.3673139158576052,25.319684982299805
/data0/datasets/slam_parkingslot/new_data/image/frame0262_dota.png 219,0,263,107,0,262,0,263,107,220,107,219,0,0.9772727272727273,89.46454620361328
/data0/datasets/slam_parkingslot/new_data/image/frame0169_dota.png 221,0,277,118,2,263,0,277,113,235,118,221,0,0.739406779661017,83.21102905273438
/data0/datasets/slam_parkingslot/new_data/image/frame0175_dota.png 223,81,283,222,2,273,81,283,218,233,222,223,84,0.8167848699763594,85.85537719726562
/data0/datasets/slam_parkingslot/new_data/image/frame0020_dota.png 20,87,131,171,0,31,87,131,154,119,171,20,103,0.25933075933075933,34.48395919799805
/data0/datasets/slam_parkingslot/new_data/image/frame0178_dota.png 231,151,287,285,2,276,151,287,282,242,285,231,155,0.7877132196162047,85.20016479492188
/data0/datasets/slam_parkingslot/new_data/image/frame0080_dota.png 234,269,260,407,0,235,269,260,269,260,407,234,407,0.9807692307692307,90.0
/data0/datasets/slam_parkingslot/new_data/image/frame0303_dota.png 157,116,204,184,0,182,116,204,175,179,184,157,126,0.5229974968710889,69.55044555664062
/data0/datasets/slam_parkingslot/new_data/image/frame0141_dota.png 193,92,232,180,1,230,92,232,179,195,180,193,92,0.9436188811188811,88.69805145263672
/data0/datasets/slam_parkingslot/new_data/image/frame0271_dota.png 216,156,263,287,1,256,156,263,285,223,287,216,158,0.8403443235341888,86.89397430419922
/data0/datasets/slam_parkingslot/new_data/image/frame0066_dota.png 151,34,228,168,0,174,34,228,158,205,168,151,44,0.32874588098468693,66.4676513671875
/data0/datasets/slam_parkingslot/new_data/image/frame0028_dota.png 24,127,140,220,0,40,127,140,198,124,220,24,149,0.3092324805339266,35.374752044677734
/data0/datasets/slam_parkingslot/new_data/image/frame0017_dota.png 52,73,138,137,0,64,73,138,116,126,137,52,93,0.3704578488372093,30.73548698425293
/data0/datasets/slam_parkingslot/new_data/image/frame0060_dota.png 88,22,176,112,0,103,22,176,97,160,112,88,36,0.28049242424242427,46.54815673828125
/data0/datasets/slam_parkingslot/new_data/image/frame0041_dota.png 43,0,138,70,0,65,0,138,53,126,70,43,4,0.2752631578947368,38.49104690551758
/data0/datasets/slam_parkingslot/new_data/image/frame0207_dota.png 225,299,261,414,0,251,299,261,412,235,414,225,302,0.7125603864734299,84.94275665283203
/data0/datasets/slam_parkingslot/new_data/image/frame0035_dota.png 54,69,144,140,0,67,69,144,119,130,140,54,90,0.3570422535211268,32.99770736694336
/data0/datasets/slam_parkingslot/new_data/image/frame0136_dota.png 186,0,239,84,0,232,0,239,79,189,84,186,0,0.881513926325247,87.95458984375
/data0/datasets/slam_parkingslot/new_data/image/frame0174_dota.png 226,66,285,202,2,273,66,285,198,238,202,226,70,0.7791625124626121,84.80557250976562
/data0/datasets/slam_parkingslot/new_data/image/frame0003_dota.png 224,338,265,416,0,238,338,265,343,249,416,224,411,0.6169480925578487,100.85641384124756
/data0/datasets/slam_parkingslot/new_data/image/frame0198_dota.png 204,147,272,276,0,233,147,272,267,243,276,204,157,0.4373005015959872,71.99583435058594
/data0/datasets/slam_parkingslot/new_data/image/frame0194_dota.png 162,99,243,200,0,187,99,243,183,217,200,162,116,0.3771543821048772,56.3099365234375
/data0/datasets/slam_parkingslot/new_data/image/frame0137_dota.png 182,1,229,102,1,222,1,229,99,189,102,182,4,0.8302085527701706,85.91438293457031
/data0/datasets/slam_parkingslot/new_data/image/frame0031_dota.png 16,83,135,177,0,33,83,135,152,118,177,16,108,0.33282674772036475,34.07719802856445
/data0/datasets/slam_parkingslot/new_data/image/frame0193_dota.png 144,88,243,202,0,168,88,243,184,219,202,144,107,0.3260233918128655,52.00126647949219
/data0/datasets/slam_parkingslot/new_data/image/frame0077_dota.png 231,207,261,339,0,235,207,261,207,257,339,231,338,0.8638888888888889,91.73570466041565
/data0/datasets/slam_parkingslot/new_data/image/frame0011_dota.png 19,0,114,48,0,49,0,114,28,106,48,19,4,0.35,26.82787322998047
/data0/datasets/slam_parkingslot/new_data/image/frame0142_dota.png 197,109,239,181,1,199,109,239,111,237,181,197,180,0.933531746031746,91.61353898048401
/data0/datasets/slam_parkingslot/new_data/image/frame0012_dota.png 17,0,116,59,0,29,0,116,39,106,59,17,16,0.3483992467043315,25.78732681274414
/data0/datasets/slam_parkingslot/new_data/image/frame0154_dota.png 180,311,269,416,1,228,311,269,335,222,416,180,411,0.47560192616372393,115.64100456237793
/data0/datasets/slam_parkingslot/new_data/image/frame0188_dota.png 75,68,190,135,0,84,68,190,113,181,135,75,90,0.35522388059701493,23.002595901489258
/data0/datasets/slam_parkingslot/new_data/image/frame0029_dota.png 27,127,139,220,0,41,127,139,202,125,220,27,145,0.2701612903225806,37.42705154418945
/data0/datasets/slam_parkingslot/new_data/image/frame0070_dota.png 212,96,255,236,0,235,96,255,233,232,236,212,99,0.5333887043189369,81.69432067871094
/data0/datasets/slam_parkingslot/new_data/image/frame0015_dota.png 27,32,124,99,0,37,32,124,81,113,99,27,50,0.31874134482228034,29.38901138305664
/data0/datasets/slam_parkingslot/new_data/image/frame0156_dota.png 192,342,259,416,1,229,342,259,360,224,416,192,413,0.4732755143202904,117.52522468566895
/data0/datasets/slam_parkingslot/new_data/image/frame0078_dota.png 235,223,263,354,0,262,223,263,354,235,354,235,223,0.9821428571428571,90.0
/data0/datasets/slam_parkingslot/new_data/image/frame0192_dota.png 132,79,238,186,0,152,79,238,168,219,186,132,98,0.2932463410333275,45.98211669921875
/data0/datasets/slam_parkingslot/new_data/image/frame0184_dota.png 223,289,290,416,2,245,289,290,300,264,416,223,414,0.6272770008226584,99.9818286895752 33,61,155,111,0,38,61,155,84,150,111,33,87,0.5275409836065573,11.1214599609375
/data0/datasets/slam_parkingslot/new_data/image/frame0181_dota.png 234,230,287,361,2,239,230,287,232,282,361,234,359,0.8932738009505977,92.21965551376343 0,40,110,72,2,109,40,110,68,1,72,0,44,0.8681818181818182,177.89834594726562
/data0/datasets/slam_parkingslot/new_data/image/frame0191_dota.png 115,75,223,167,0,133,75,223,145,205,167,115,97,0.32608695652173914,37.87498474121094
/data0/datasets/slam_parkingslot/new_data/image/frame0295_dota.png 85,78,182,169,0,107,78,182,144,161,169,85,102,0.37153053132434577,41.39872360229492
/data0/datasets/slam_parkingslot/new_data/image/frame0272_dota.png 217,183,260,319,1,258,183,260,319,220,319,217,183,0.9418604651162791,89.157470703125
/data0/datasets/slam_parkingslot/new_data/image/frame0172_dota.png 224,27,284,166,2,271,27,284,162,236,166,224,32,0.7727817745803357,84.49958801269531
/data0/datasets/slam_parkingslot/new_data/image/frame0027_dota.png 27,127,139,222,0,41,127,139,203,125,222,27,146,0.275,37.7939453125
/data0/datasets/slam_parkingslot/new_data/image/frame0065_dota.png 134,28,219,154,0,159,28,219,141,193,154,134,41,0.3412698412698413,62.42986297607422
/data0/datasets/slam_parkingslot/new_data/image/frame0274_dota.png 214,223,261,349,1,215,223,261,224,260,349,214,349,0.9749240121580547,90.45471888780594
/data0/datasets/slam_parkingslot/new_data/image/frame0208_dota.png 227,307,257,414,0,252,307,257,412,232,414,227,309,0.8208722741433022,87.27368927001953
/data0/datasets/slam_parkingslot/new_data/image/frame0071_dota.png 221,118,261,252,0,250,118,261,250,231,252,221,120,0.730410447761194,85.66769409179688
/data0/datasets/slam_parkingslot/new_data/image/frame0140_dota.png 186,71,230,182,1,222,71,230,180,194,182,186,73,0.8067158067158067,85.80233001708984
/data0/datasets/slam_parkingslot/new_data/image/frame0182_dota.png 229,255,292,388,2,243,255,292,261,278,388,229,382,0.7527151211361738,96.29067087173462 11,56,127,83,0,12,56,127,62,126,83,11,77,0.7729885057471264,2.9866368770599365
/data0/datasets/slam_parkingslot/new_data/image/frame0067_dota.png 170,52,242,190,0,193,52,242,182,219,190,170,61,0.34168679549114334,69.347412109375
/data0/datasets/slam_parkingslot/new_data/image/frame0289_dota.png 46,44,147,110,0,58,44,147,85,135,110,46,70,0.41336633663366334,24.734302520751953
/data0/datasets/slam_parkingslot/new_data/image/frame0076_dota.png 234,182,259,309,0,235,182,259,182,258,309,234,309,0.96,90.45113855600357
/data0/datasets/slam_parkingslot/new_data/image/frame0054_dota.png 46,0,134,53,0,85,0,134,31,120,53,46,2,0.39118782161234994,34.574188232421875
/data0/datasets/slam_parkingslot/new_data/image/frame0055_dota.png 53,0,138,61,0,76,0,138,43,125,61,53,4,0.315718418514947,35.83765411376953
/data0/datasets/slam_parkingslot/new_data/image/frame0057_dota.png 57,2,156,88,0,72,2,156,71,141,88,57,20,0.29334038054968287,39.40066146850586
/data0/datasets/slam_parkingslot/new_data/image/frame0068_dota.png 181,57,245,185,0,204,57,245,177,221,185,181,65,0.3837890625,71.56504821777344
/data0/datasets/slam_parkingslot/new_data/image/frame0063_dota.png 112,25,201,134,0,132,25,201,119,181,134,112,40,0.30048448613545,53.71974563598633
/data0/datasets/slam_parkingslot/new_data/image/frame0269_dota.png 218,125,263,252,1,218,125,263,125,263,252,218,252,1.0,90.0
/data0/datasets/slam_parkingslot/new_data/image/frame0200_dota.png 213,169,270,299,0,236,169,270,292,246,299,213,176,0.4217273954116059,74.54798889160156
/data0/datasets/slam_parkingslot/new_data/image/frame0059_dota.png 91,34,171,110,0,106,34,171,93,156,110,91,51,0.32730263157894735,42.22978210449219
/data0/datasets/slam_parkingslot/new_data/image/frame0189_dota.png 88,67,202,146,0,101,67,202,122,189,146,88,91,0.34854541416833223,28.57069969177246
/data0/datasets/slam_parkingslot/new_data/image/frame0023_dota.png 28,124,139,220,0,43,124,139,202,124,220,28,143,0.27576013513513514,39.09385681152344
/data0/datasets/slam_parkingslot/new_data/image/frame0026_dota.png 24,126,137,221,0,37,126,137,204,125,221,24,143,0.24997671169073124,37.67809295654297
/data0/datasets/slam_parkingslot/new_data/image/frame0037_dota.png 55,37,137,106,0,66,37,137,90,126,106,55,53,0.30381760339342523,36.74056625366211
/data0/datasets/slam_parkingslot/new_data/image/frame0079_dota.png 232,254,264,383,0,233,254,264,254,263,383,232,383,0.96875,90.44414442777634
/data0/datasets/slam_parkingslot/new_data/image/frame0010_dota.png 28,0,108,37,0,58,0,108,19,101,37,28,4,0.3910472972972973,24.325576782226562
/data0/datasets/slam_parkingslot/new_data/image/frame0025_dota.png 26,129,138,222,0,39,129,138,204,124,222,26,147,0.2674251152073733,37.14668655395508
/data0/datasets/slam_parkingslot/new_data/image/frame0270_dota.png 218,142,260,270,1,219,142,260,142,259,270,218,270,0.9761904761904762,90.44761416316032
/data0/datasets/slam_parkingslot/new_data/image/frame0283_dota.png 214,309,257,406,1,218,309,257,310,254,406,214,405,0.9099736274274755,91.78991055488586
/data0/datasets/slam_parkingslot/new_data/image/frame0081_dota.png 237,299,259,414,0,237,299,259,299,259,414,237,414,1.0,90.0
/data0/datasets/slam_parkingslot/new_data/image/frame0268_dota.png 219,102,261,236,1,260,102,261,236,220,236,219,102,0.9761904761904762,89.57242584228516
/data0/datasets/slam_parkingslot/new_data/image/frame0285_dota.png 207,343,265,416,1,218,343,265,352,252,416,207,407,0.7208313651393481,100.84030437469482 25,16,127,63,1,31,16,127,37,121,63,25,43,0.5563204005006258,12.33908748626709
/data0/datasets/slam_parkingslot/new_data/image/frame0056_dota.png 55,0,145,71,0,67,0,145,54,133,71,55,16,0.30375586854460096,35.18873977661133
/data0/datasets/slam_parkingslot/new_data/image/frame0266_dota.png 217,68,261,194,1,259,68,261,194,220,194,217,69,0.9396645021645021,88.63607025146484
/data0/datasets/slam_parkingslot/new_data/image/frame0294_dota.png 79,78,180,169,0,97,78,180,147,163,169,79,100,0.33124795996083123,39.400657653808594
/data0/datasets/slam_parkingslot/new_data/image/frame0273_dota.png 218,203,268,330,1,265,203,268,329,221,330,218,204,0.9330708661417323,88.63607025146484
/data0/datasets/slam_parkingslot/new_data/image/frame0281_dota.png 212,299,257,412,1,217,299,257,301,253,412,212,411,0.8893805309734514,92.55614995956421
/data0/datasets/slam_parkingslot/new_data/image/frame0082_dota.png 235,324,261,415,0,259,324,261,415,237,415,235,325,0.9184277261200338,88.74095153808594
/data0/datasets/slam_parkingslot/new_data/image/frame0263_dota.png 218,0,264,130,1,261,0,264,129,220,130,218,0,0.9422240802675586,89.11859893798828
/data0/datasets/slam_parkingslot/new_data/image/frame0265_dota.png 217,38,260,165,1,257,38,260,165,220,165,217,38,0.9302325581395349,88.64680480957031
/data0/datasets/slam_parkingslot/new_data/image/frame0168_dota.png 215,0,278,104,0,263,0,278,97,228,104,215,0,0.7590811965811965,82.87498474121094
/data0/datasets/slam_parkingslot/new_data/image/frame0058_dota.png 81,20,164,100,0,96,20,164,84,149,100,81,36,0.30843373493975906,43.2642936706543
/data0/datasets/slam_parkingslot/new_data/image/frame0032_dota.png 14,78,132,168,0,28,78,132,146,118,168,14,99,0.3008474576271186,33.562747955322266
/data0/datasets/slam_parkingslot/new_data/image/frame0179_dota.png 239,173,280,307,2,240,173,280,173,279,307,239,307,0.975609756097561,90.42757248878479
/data0/datasets/slam_parkingslot/new_data/image/frame0190_dota.png 102,71,211,155,0,118,71,211,131,196,155,102,95,0.34665792922673655,32.55000686645508
/data0/datasets/slam_parkingslot/new_data/image/frame0199_dota.png 207,156,269,284,0,233,156,269,276,244,284,207,164,0.4223790322580645,72.86373138427734
/data0/datasets/slam_parkingslot/new_data/image/frame0019_dota.png 17,69,133,161,0,33,69,133,138,117,161,17,93,0.3229010494752624,34.605674743652344
/data0/datasets/slam_parkingslot/new_data/image/frame0033_dota.png 20,69,131,159,0,34,69,131,140,117,159,20,89,0.28813813813813816,36.20258712768555
/data0/datasets/slam_parkingslot/new_data/image/frame0297_dota.png 91,84,183,176,0,113,84,183,155,162,176,91,106,0.358163988657845,45.0
/data0/datasets/slam_parkingslot/new_data/image/frame0138_dota.png 178,4,233,127,1,218,4,233,121,193,127,178,9,0.7069475240206947,82.7554931640625
/data0/datasets/slam_parkingslot/new_data/image/frame0036_dota.png 53,56,141,126,0,65,56,141,109,129,126,53,73,0.312987012987013,34.89070129394531
/data0/datasets/slam_parkingslot/new_data/image/frame0185_dota.png 211,313,290,416,2,242,313,290,327,263,416,211,416,0.6148457662529188,106.75026321411133 45,65,166,114,0,50,65,166,91,161,114,45,88,0.47191769269691347,12.63336181640625
/data0/datasets/slam_parkingslot/new_data/image/frame0018_dota.png 48,78,140,150,0,61,78,140,129,127,150,48,99,0.35054347826086957,32.84505844116211
/data0/datasets/slam_parkingslot/new_data/image/frame0299_dota.png 109,92,193,188,0,132,92,193,170,171,188,109,110,0.3549107142857143,51.51980209350586
